-161.8		-2
-162.3		-3
-162.8		4
-162.9		-2
-162.3		1
-162.7		3
-162.1		-2
-162.9		-2
-163.3		1
-164.9		-4
-161.0		4
-162.3		-1
-165.3		-1
-160.5		4
-163.8		-1
-160.3		-2
-163.6		2
-164.6		-1
-163.5		-1
-163.7		0
-162.8		2
-163.1		-1
-162.1		-1
-162.1		1
-162.0		0
-162.5		0
-161.3		1
-162.6		-2
-163.3		-1
-163.2		1
-158.8		3
-161.5		-1
-160.8		0
-160.8		1
-162.0		-1
-161.1		0
-161.4		-1
-163.6		-2
-162.3		4
-162.1		0
-159.0		1
-160.1		-3
-160.9		2
-159.0		1
-161.1		0
-161.1		-1
-160.2		-2
-163.1		0
-163.1		1
-160.6		0
-163.3		-1
-160.4		0
-164.0		-3
-164.9		1
-159.9		4
-161.8		-1
986.8		1146
983.6		-1
981.9		0
-159.2		-1141
-159.1		0
-158.4		0
-157.9		1
-158.8		1
-162.5		-6
-157.8		6
-157.6		-2
-160.7		-2
-157.6		2
-158.6		-1
-156.7		0
-159.0		-1
-159.2		0
-160.3		0
-160.3		1
-161.3		-2
-161.8		-1
-161.5		0
-161.4		0
-163.1		-1
-162.6		1
-162.3		0
-161.9		-1
-160.9		1
-161.1		0
-160.6		2
-161.0		-1
-161.5		0
-163.6		-3
-161.8		3
-162.9		0
-160.8		0
-165.6		-4
-162.9		1
-165.1		-1
-166.5		1
